Alarm;
BridgeSpeedFeedback; -105.0, 10.1; -81.666, 10.1; -58.333, 10.1; -35.0, 10.1; -11.666, 10.1; 11.666, 10.1; 35.0, 10.1; 58.333, 10.1; 81.666, 10.1; 105.0, 10.1
HoistMotorTorque; -285.0, 33; -210.0, 33; -135.0, 33; -60.0, 33; 15.0, 33; 90.0, 33; 165.0, 33; 240.0, 33; 315.0, 33; 390.0, 33
BridgePosition; 0.0, 0.5; 1.04, 0.5; 2.08, 0.5; 3.12, 0.5; 4.16, 0.5; 5.2, 0.5; 6.24, 0.5; 7.28, 0.5; 8.32, 0.5; 9.36, 0.5; 10.4, 0.5; 11.440, 0.5; 12.48, 0.5; 13.52, 0.5; 14.56, 0.5; 15.600, 0.5; 16.64, 0.5; 17.68, 0.5; 18.72, 0.5; 19.76, 0.5; 20.8, 0.5; 21.84, 0.5; 22.880, 0.5; 23.92, 0.5; 24.96, 0.5; 26.0, 0.5
BridgeRopeAngle; -0.2, 0.019; -0.1556, 0.019; -0.1111, 0.019; -0.0667, 0.019; -0.0222, 0.019; 0.0222, 0.019; 0.0667, 0.019; 0.1111, 0.019; 0.1556, 0.019; 0.2, 0.019
BridgeMotorTorque; -230.0, 33; -154.444, 33; -78.889, 33; -3.333, 33; 72.222, 33; 147.778, 33; 223.333, 33; 298.889, 33; 374.444, 33; 450.0, 33
HoistSpeedFeedback; -105.0, 10.1; -81.666, 10.1; -58.333, 10.1; -35.0, 10.1; -11.666, 10.1; 11.666, 10.1; 35.0, 10.1; 58.333, 10.1; 81.666, 10.1; 105.0, 10.1
LoadTare; -0.1, 0.2; 0.356, 0.2; 0.811, 0.2; 1.267, 0.2; 1.722, 0.2; 2.178, 0.2; 2.633, 0.2; 3.089, 0.2; 3.544, 0.2; 4.0, 0.2
HoistPosition; -0.1, 0.17; 0.3, 0.17; 0.7, 0.17; 1.1, 0.17; 1.5, 0.17; 1.9, 0.17; 2.3, 0.17; 2.7, 0.17; 3.1, 0.17; 3.5, 0.17
TrolleyMotorTorque; -120.0, 21; -71.667, 21; -23.333, 21; 25.0, 21; 73.333, 21; 121.667, 21; 170.0, 21; 218.333, 21; 266.667, 21; 315.0, 21
TrolleySpeedFeedback; -105.0, 10.1; -81.666, 10.1; -58.333, 10.1; -35.0, 10.1; -11.666, 10.1; 11.666, 10.1; 35.0, 10.1; 58.333, 10.1; 81.666, 10.1; 105.0, 10.1
TrolleyPosition; 0.0, 0.5; 1.1111111111111112, 0.5; 2.2222222222222223, 0.5; 3.3333333333333335, 0.5; 4.444444444444445, 0.5; 5.555555555555555, 0.5; 6.666666666666667, 0.5; 7.777777777777779, 0.5; 8.88888888888889, 0.5; 10.0, 0.5
TrolleyRopeAngle; -0.2, 0.019; -0.1556, 0.019; -0.1111, 0.019; -0.0667, 0.019; -0.0222, 0.019; 0.0222, 0.019; 0.0667, 0.019; 0.1111, 0.019; 0.1556, 0.019; 0.2, 0.019
Cycle; 1.0, 0.1; 2.0, 0.1; 3.0, 0.1; 4.0, 0.1; 5.0, 0.1; 6.0, 0.1; 7.0, 0.1; 8.0, 0.1