brake_pedal; 0.0, 0.022837319; 0.053777777, 0.022837319; 0.107555555, 0.022837319; 0.161333332, 0.022837319; 0.21511111, 0.022837319; 0.268888887, 0.022837319; 0.322666665, 0.022837319; 0.376444442, 0.022837319; 0.43022222, 0.022837319; 0.483999997, 0.022837319
twist.linear.x; 0.0, 0.46550252; 1.09617467, 0.46550252; 2.19234933, 0.46550252; 3.288524, 0.46550252; 4.38469866, 0.46550252; 5.48087333, 0.46550252; 6.57704799, 0.46550252; 7.67322266, 0.46550252; 8.76939732, 0.46550252; 9.86557199, 0.46550252
twist.angular.z; -0.054435908, 0.02456494; 0.003410104, 0.02456494; 0.061256117, 0.02456494; 0.119102129, 0.02456494; 0.176948142, 0.02456494; 0.234794154, 0.02456494; 0.292640166, 0.02456494; 0.350486179, 0.02456494; 0.408332191, 0.02456494; 0.466178204, 0.02456494
status.satellites_used; 9.0, 0.4246609; 10.0, 0.4246609; 11.0, 0.4246609; 12.0, 0.4246609; 13.0, 0.4246609; 14.0, 0.4246609; 15.0, 0.4246609
status.satellites_visible; 9.0, 0.4246609; 10.0, 0.4246609; 11.0, 0.4246609; 12.0, 0.4246609; 13.0, 0.4246609; 14.0, 0.4246609; 15.0, 0.4246609; 16.0, 0.4246609; 17.0, 0.4246609; 18.0, 0.4246609
latitude; 60.1867782, 0.0001236; 60.1870694, 0.0001236; 60.1873605, 0.0001236; 60.1876517, 0.0001236; 60.1879428, 0.0001236; 60.188234, 0.0001236; 60.1885251, 0.0001236; 60.1888163, 0.0001236; 60.1891074, 0.0001236; 60.1893986, 0.0001236
longitude; 24.8232926, 0.0002676; 24.8239227, 0.0002676; 24.8245528, 0.0002676; 24.8251829, 0.0002676; 24.825813, 0.0002676; 24.8264431, 0.0002676; 24.8270732, 0.0002676; 24.8277034, 0.0002676; 24.8283335, 0.0002676; 24.8289636, 0.0002676
altitude; 3.06825558, 0.26185915; 3.68488677, 0.26185915; 4.30151795, 0.26185915; 4.91814914, 0.26185915; 5.53478032, 0.26185915; 6.1514115, 0.26185915; 6.76804269, 0.26185915; 7.38467387, 0.26185915; 8.00130505, 0.26185915; 8.61793624, 0.26185915
track; -179.881374, 16.962803; -139.937025, 16.962803; -99.992677, 16.962803; -60.048329, 16.962803; -20.10398, 16.962803; 19.840368, 16.962803; 59.784716, 16.962803; 99.729065, 16.962803; 139.673413, 16.962803; 179.617762, 16.962803
speed; 0.03942669, 0.46276698; 1.12915966, 0.46276698; 2.21889262, 0.46276698; 3.30862559, 0.46276698; 4.39835855, 0.46276698; 5.48809151, 0.46276698; 6.57782448, 0.46276698; 7.66755744, 0.46276698; 8.75729041, 0.46276698; 9.84702337, 0.46276698
climb; -0.502256753, 0.044361053; -0.397794455, 0.044361053; -0.293332158, 0.044361053; -0.188869861, 0.044361053; -0.084407564, 0.044361053; 0.020054734, 0.044361053; 0.124517031, 0.044361053; 0.228979328, 0.044361053; 0.333441625, 0.044361053; 0.437903923, 0.044361053
pitch; -3.33679845, 0.31481883; -2.59545675, 0.31481883; -1.85411505, 0.31481883; -1.11277336, 0.31481883; -0.37143166, 0.31481883; 0.36991004, 0.31481883; 1.11125174, 0.31481883; 1.85259343, 0.31481883; 2.59393513, 0.31481883; 3.33527683, 0.31481883
roll; -3.69346278, 0.35382632; -2.86026548, 0.35382632; -2.02706818, 0.35382632; -1.19387087, 0.35382632; -0.36067357, 0.35382632; 0.47252373, 0.35382632; 1.30572104, 0.35382632; 2.13891834, 0.35382632; 2.97211565, 0.35382632; 3.80531295, 0.35382632
gdop; 2.02900004, 0.23063804; 2.57211113, 0.23063804; 3.11522222, 0.23063804; 3.6583333, 0.23063804; 4.20144439, 0.23063804; 4.74455547, 0.23063804; 5.28766656, 0.23063804; 5.83077765, 0.23063804; 6.37388873, 0.23063804; 6.91699982, 0.23063804
pdop; 1.53299999, 0.19038963; 1.98133331, 0.19038963; 2.42966663, 0.19038963; 2.87799994, 0.19038963; 3.32633326, 0.19038963; 3.77466657, 0.19038963; 4.22299989, 0.19038963; 4.67133321, 0.19038963; 5.11966652, 0.19038963; 5.56799984, 0.19038963
hdop; 0.76700002, 0.17415816; 1.17711115, 0.17415816; 1.58722228, 0.17415816; 1.99733341, 0.17415816; 2.40744454, 0.17415816; 2.81755567, 0.17415816; 3.2276668, 0.17415816; 3.63777792, 0.17415816; 4.04788905, 0.17415816; 4.45800018, 0.17415816
vdop; 1.32599998, 0.09484093; 1.54933331, 0.09484093; 1.77266664, 0.09484093; 1.99599997, 0.09484093; 2.2193333, 0.09484093; 2.44266664, 0.09484093; 2.66599997, 0.09484093; 2.8893333, 0.09484093; 3.11266663, 0.09484093; 3.33599997, 0.09484093
tdop; 0.89700001, 0.08795199; 1.10411112, 0.08795199; 1.31122222, 0.08795199; 1.51833332, 0.08795199; 1.72544442, 0.08795199; 1.93255552, 0.08795199; 2.13966662, 0.08795199; 2.34677772, 0.08795199; 2.55388882, 0.08795199; 2.76099992, 0.08795199
err; 4.71186041, 0.14036557; 5.04239607, 0.14036557; 5.37293173, 0.14036557; 5.70346739, 0.14036557; 6.03400305, 0.14036557; 6.36453871, 0.14036557; 6.69507437, 0.14036557; 7.02561003, 0.14036557; 7.35614569, 0.14036557; 7.68668134, 0.14036557
err_horz; 3.77927058, 0.11459155; 4.04911305, 0.11459155; 4.31895553, 0.11459155; 4.588798, 0.11459155; 4.85864047, 0.11459155; 5.12848294, 0.11459155; 5.39832542, 0.11459155; 5.66816789, 0.11459155; 5.93801036, 0.11459155; 6.20785284, 0.11459155
err_vert; 5.9933424, 0.1891777; 6.4388218, 0.1891777; 6.8843012, 0.1891777; 7.3297806, 0.1891777; 7.77526, 0.1891777; 8.2207394, 0.1891777; 8.6662188, 0.1891777; 9.1116982, 0.1891777; 9.5571775, 0.1891777; 10.0026569, 0.1891777
position_covariance0; 1.40764692, 0.07808359; 1.59151972, 0.07808359; 1.77539252, 0.07808359; 1.95926531, 0.07808359; 2.14313811, 0.07808359; 2.3270109, 0.07808359; 2.5108837, 0.07808359; 2.69475649, 0.07808359; 2.87862929, 0.07808359; 3.06250209, 0.07808359
position_covariance4; 2.1204195, 0.24549432; 2.69851444, 0.24549432; 3.27660938, 0.24549432; 3.85470431, 0.24549432; 4.43279925, 0.24549432; 5.01089418, 0.24549432; 5.58898912, 0.24549432; 6.16708406, 0.24549432; 6.74517899, 0.24549432; 7.32327393, 0.24549432
position_covariance8; 8.8689735, 0.7617621; 10.662786, 0.7617621; 12.4565986, 0.7617621; 14.2504111, 0.7617621; 16.0442237, 0.7617621; 17.8380362, 0.7617621; 19.6318488, 0.7617621; 21.4256613, 0.7617621; 23.2194739, 0.7617621; 25.0132864, 0.7617621
orientation.x; -0.0208386927, 0.0023455011; -0.0153154597, 0.0023455011; -0.0097922268, 0.0023455011; -0.0042689938, 0.0023455011; 0.0012542392, 0.0023455011; 0.0067774721, 0.0023455011; 0.0123007051, 0.0023455011; 0.017823938, 0.0023455011; 0.023347171, 0.0023455011; 0.028870404, 0.0023455011
orientation.y; -0.0311807856, 0.0022046944; -0.025989127, 0.0022046944; -0.0207974685, 0.0022046944; -0.01560581, 0.0022046944; -0.0104141515, 0.0022046944; -0.0052224929, 0.0022046944; -3.08344e-05, 0.0022046944; 0.0051608241, 0.0022046944; 0.0103524826, 0.0022046944; 0.0155441411, 0.0022046944
orientation.z; -0.999757681, 0.047114671; -0.88881111, 0.047114671; -0.777864539, 0.047114671; -0.666917968, 0.047114671; -0.555971397, 0.047114671; -0.445024826, 0.047114671; -0.334078255, 0.047114671; -0.223131684, 0.047114671; -0.112185113, 0.047114671; -0.001238542, 0.047114671
orientation.w; -0.999932832, 0.094362729; -0.777725587, 0.094362729; -0.555518341, 0.094362729; -0.333311095, 0.094362729; -0.11110385, 0.094362729; 0.111103396, 0.094362729; 0.333310642, 0.094362729; 0.555517887, 0.094362729; 0.777725133, 0.094362729; 0.999932379, 0.094362729
orientation_covariance0; 0.000269860192, 3.237569e-05; 0.000346099116, 3.237569e-05; 0.00042233804, 3.237569e-05; 0.000498576964, 3.237569e-05; 0.000574815888, 3.237569e-05; 0.000651054812, 3.237569e-05; 0.000727293736, 3.237569e-05; 0.00080353266, 3.237569e-05; 0.000879771584, 3.237569e-05; 0.000956010508, 3.237569e-05
orientation_covariance4; 0.000263278578, 3.0971646e-05; 0.000336211231, 3.0971646e-05; 0.000409143884, 3.0971646e-05; 0.000482076538, 3.0971646e-05; 0.000555009191, 3.0971646e-05; 0.000627941845, 3.0971646e-05; 0.000700874498, 3.0971646e-05; 0.000773807151, 3.0971646e-05; 0.000846739805, 3.0971646e-05; 0.000919672458, 3.0971646e-05
orientation_covariance8; 0.017962343, 0.013827831; 0.050524396, 0.013827831; 0.08308645, 0.013827831; 0.115648503, 0.013827831; 0.148210556, 0.013827831; 0.180772609, 0.013827831; 0.213334663, 0.013827831; 0.245896716, 0.013827831; 0.278458769, 0.013827831; 0.311020823, 0.013827831
angular_velocity.x; -0.273172349, 0.029274675; -0.204235757, 0.029274675; -0.135299165, 0.029274675; -0.066362573, 0.029274675; 0.002574019, 0.029274675; 0.071510611, 0.029274675; 0.140447204, 0.029274675; 0.209383796, 0.029274675; 0.278320388, 0.029274675; 0.34725698, 0.029274675
angular_velocity.y; -0.282080954, 0.029371228; -0.212916998, 0.029371228; -0.143753043, 0.029371228; -0.074589087, 0.029371228; -0.005425131, 0.029371228; 0.063738824, 0.029371228; 0.13290278, 0.029371228; 0.202066736, 0.029371228; 0.271230691, 0.029371228; 0.340394647, 0.029371228
angular_velocity.z; -0.125974206, 0.049135641; -0.010268613, 0.049135641; 0.10543698, 0.049135641; 0.221142573, 0.049135641; 0.336848166, 0.049135641; 0.452553759, 0.049135641; 0.568259352, 0.049135641; 0.683964945, 0.049135641; 0.799670538, 0.049135641; 0.915376131, 0.049135641
linear_acceleration.x; -6.94127184, 0.47081766; -5.83258097, 0.47081766; -4.7238901, 0.47081766; -3.61519922, 0.47081766; -2.50650835, 0.47081766; -1.39781748, 0.47081766; -0.28912661, 0.47081766; 0.81956426, 0.47081766; 1.92825513, 0.47081766; 3.036946, 0.47081766
linear_acceleration.y; -4.35700522, 0.37879676; -3.46500702, 0.37879676; -2.57300882, 0.37879676; -1.68101062, 0.37879676; -0.78901242, 0.37879676; 0.10298578, 0.37879676; 0.99498398, 0.37879676; 1.88698218, 0.37879676; 2.77898038, 0.37879676; 3.67097859, 0.37879676
linear_acceleration.z; -5.31565556, 0.62541776; -3.84290929, 0.62541776; -2.37016303, 0.62541776; -0.89741676, 0.62541776; 0.57532951, 0.62541776; 2.04807578, 0.62541776; 3.52082205, 0.62541776; 4.99356832, 0.62541776; 6.46631458, 0.62541776; 7.93906085, 0.62541776
steering_wheel_angle; -0.38, 0.23894253; 0.18266667, 0.23894253; 0.74533334, 0.23894253; 1.30800001, 0.23894253; 1.87066668, 0.23894253; 2.43333334, 0.23894253; 2.99600001, 0.23894253; 3.55866668, 0.23894253; 4.12133335, 0.23894253; 4.68400002, 0.23894253
throttle_pedal; 0.0, 0.010852445; 0.025555556, 0.010852445; 0.051111112, 0.010852445; 0.076666668, 0.010852445; 0.102222224, 0.010852445; 0.12777778, 0.010852445; 0.153333336, 0.010852445; 0.178888892, 0.010852445; 0.204444448, 0.010852445; 0.230000004, 0.010852445
front_left_wheel_speed; 0.0, 1.1980156; 2.8211111, 1.1980156; 5.6422222, 1.1980156; 8.4633333, 1.1980156; 11.2844444, 1.1980156; 14.1055556, 1.1980156; 16.9266667, 1.1980156; 19.7477778, 1.1980156; 22.5688889, 1.1980156; 25.39, 1.1980156
front_right_wheel_speed; 0.0, 1.2036777; 2.8344444, 1.2036777; 5.6688889, 1.2036777; 8.5033333, 1.2036777; 11.3377778, 1.2036777; 14.1722222, 1.2036777; 17.0066667, 1.2036777; 19.8411111, 1.2036777; 22.6755556, 1.2036777; 25.51, 1.2036777
rear_left_wheel_speed; 0.0, 1.2036777; 2.8344444, 1.2036777; 5.6688889, 1.2036777; 8.5033333, 1.2036777; 11.3377778, 1.2036777; 14.1722222, 1.2036777; 17.0066667, 1.2036777; 19.8411111, 1.2036777; 22.6755556, 1.2036777; 25.51, 1.2036777
rear_right_wheel_speed; 0.0, 1.1984874; 2.8222222, 1.1984874; 5.6444444, 1.1984874; 8.4666667, 1.1984874; 11.2888889, 1.1984874; 14.1111111, 1.1984874; 16.9333333, 1.1984874; 19.7555556, 1.1984874; 22.5777778, 1.1984874; 25.4, 1.1984874
